-19750110
-19990510
-18890310
-18770910
-19940114
-19990810
-19240310
-18670310
-19810610
-18840410
-19940114
-19020410
-19880110
-19850210
-19450410
-19421110
-18670210
-19940114
-19670110
-19060310
-19940114
-19990910
-19410110
-19650610
-19620510
-19780710
-19741110
-18580910
-19670810
-18941010
-19880610
-19540510
-19911010
-19300910
-19670410
-19880810
-19600410
-19040610
-19790210
-19651110
-19740610
-19940910
-19160410
-19940114
-19820710
-19240810
-19920610
-19550910
-19500410
-19551110
-19881010
-19950710
-19040110
-19200810
-19220610
-19940114
-19971110
-19970510
-19940114
-19660110
-19940114
-19600510
-19390410
-19721210
-19901010
-19590110
-19920610
-19760910
-18731110
-19600210
-19810910
-19660910
-19130810
-18740410
-18890410
-19821210
-19590710
-18780210
-19220410
-19700310
-19990910
-19940114
-19710510
-19590810
-19200210
-19030610
-19940114
-19860910
-19630810
-19101010
-19720310
-18670510
-19850310
-18670110
-19940114
-18720410
-19940114
-18760810
-19560710
-19600110
-19800210
-19940114
-19850910
-19940114
-19890910
-19940114
-19690210
-19940114
-19790210
-19940114
-19951007
-19941209
-19940114
-19940114
-19940114
-19940114
-19940114
-19940114
-19940114
-19940114
-19940114
-19940114
-19940114
-19940114
-19940114
-19940114
-19940114
-19940114
-19940114
-19940114
-19940114
-19940114
-19940114
-19940114
-19940114
-19940114
-19940114
-19940114
-19940114
-19940114
-19940114
-19940114
-19940114
-19940114
-19940114
-19940114
-19940114
-19940114
-19940114
-19940114
-19940114
