-105228
-183456
-001752
-113725
-101010
-001837
-221055
-131212
-032458
-035709
-101010
-201825
-035220
-160006
-212337
-182140
-072405
-101010
-190412
-195823
-101010
-191339
-155212
-211154
-053759
-223636
-102704
-053117
-182925
-093651
-182325
-095114
-200037
-000611
-125434
-110537
-022011
-200948
-095425
-110036
-232246
-141037
-234558
-101010
-042559
-195135
-182431
-173808
-113253
-153233
-202517
-094745
-035938
-230821
-153559
-101010
-175740
-005709
-101010
-182016
-101010
-052249
-035400
-121906
-194426
-225654
-082623
-135724
-212901
-012809
-034434
-040007
-131950
-095909
-225526
-032921
-174726
-123834
-110217
-061707
-153124
-101010
-132524
-073432
-140014
-143351
-101010
-080147
-045137
-165151
-225635
-102314
-031019
-083829
-101010
-200155
-101010
-094122
-045029
-235645
-075502
-101010
-073410
-101010
-164105
-101010
-124804
-101010
-065242
-101010
-205303
-050613
-101010
-101010
-101010
-101010
-101010
-101010
-101010
-101010
-101010
-101010
-101010
-101010
-101010
-101010
-101010
-101010
-101010
-101010
-101010
-101010
-101010
-101010
-101010
-101010
-101010
-101010
-101010
-101010
-101010
-101010
-101010
-101010
-101010
-101010
-101010
-101010
-101010
-101010
-101010
